id,Status_C,Status_CL,Status_D
7905,0.7839820236142706,0.009799537926145237,0.20621843845958424
7906,0.8931293641049326,0.05231305227008957,0.054557583624977965
7907,0.1377353283710574,0.07003290661221825,0.7922317650167244
7908,0.9221792344826887,0.006661383024841103,0.07115938249247017
7909,0.9122944531085282,0.022647153548294226,0.06505839334317767
7910,0.9823472338612805,0.006352406385336427,0.011300359753382887
7911,0.96492436378655,0.017582297338358113,0.0174933388750918
7912,0.07156233936328109,0.012825519790427752,0.9156121408462912
7913,2.485576735608917e-06,0.00284656904591878,0.9971509453773455
7914,0.008468088497633272,0.014167344496695442,0.9773645670056712
7915,0.09093858511386803,0.021795804377378363,0.8872656105087536
7916,0.6967674208133823,0.005277096415382172,0.2979554827712357
7917,0.5344194552090831,0.20045815468461103,0.2651223901063059
7918,0.7672450347965523,0.01780186282345267,0.21495310237999496
7919,0.043721844050588966,0.022159647471590015,0.934118508477821
7920,0.9109491938175853,0.007704688229354162,0.08134611795306047
7921,0.5578928701848932,0.028336030081125646,0.4137710997339812
7922,0.05097180436960002,0.010843930007860922,0.9381842656225391
7923,0.8960355947347237,0.0019523647890003794,0.1020120404762757
7924,0.7608698180263919,0.042468936360906914,0.1966612456127012
7925,8.532170891595376e-05,0.006872713784367693,0.9930419645067163
7926,0.2775916745807882,0.0012344816652184439,0.7211738437539934
7927,0.4774278534708321,0.2855653784438991,0.2370067680852689
7928,0.0011664058334763783,0.05342728484212426,0.9454063093243994
7929,0.9119482263793959,0.0602729292745188,0.02777884434608537
7930,0.46517705541307086,0.09155599239525923,0.44326695219166984
7931,0.7710768310517337,0.006218113619758276,0.22270505532850787
7932,0.12780811710650836,0.03428355238743116,0.8379083305060605
7933,0.6068016051122586,0.008755131215536718,0.3844432636722047
7934,0.9883171188076857,0.0017890029653909935,0.009893878226923308
7935,0.9590360859107756,0.013380330868751403,0.027583583220472985
7936,0.834285320452268,0.03202633137626554,0.1336883481714664
7937,0.11934920830240238,0.010873047506152958,0.8697777441914447
7938,0.9696739890117855,0.010420696838112845,0.019905314150101532
7939,0.5094776774700442,0.09132201058675006,0.39920031194320565
7940,0.7488717680874357,0.04345064006716273,0.2076775918454016
7941,0.03470119946988797,0.0026970222635293267,0.9626017782665827
7942,0.9343964583092129,0.031313208363508,0.03429033332727916
7943,0.00439975568910406,0.0877138884322962,0.9078863558785997
7944,0.9332705261916941,0.003082865662212651,0.0636466081460933
7945,0.9599902092321562,0.0019996244887653136,0.038010166279078474
7946,0.8855914529465742,0.06762834248016385,0.0467802045732621
7947,0.7419492037701815,0.005435386988804345,0.2526154092410142
7948,0.03875978769571367,0.0006922214526158,0.9605479908516705
7949,0.6283612841338645,0.034375201091312896,0.33726351477482264
7950,0.9181121600700379,0.026481880950676436,0.05540595897928553
7951,0.552732798212642,0.033314422631855044,0.41395277915550294
7952,0.06322378430882587,0.058005374647320015,0.8787708410438541
7953,0.00020644109834447492,0.01141381452500917,0.9883797443766462
7954,0.8353041023183588,0.020789488757593913,0.1439064089240472
7955,0.007138761319482707,0.0030673914586220236,0.9897938472218953
7956,0.0305919251156426,0.01882457536744825,0.9505834995169091
7957,0.8756493392954805,0.007838360055189874,0.11651230064932955
7958,0.051812016264772345,0.09084684990408354,0.8573411338311441
7959,0.759930495841365,0.05752142892584518,0.1825480752327898
7960,0.190471427831794,0.020276224885476972,0.7892523472827291
7961,0.8563620986765744,0.011835989828026175,0.13180191149539958
7962,0.4390562850293531,0.038149198936679646,0.5227945160339672
7963,0.24968353511562683,0.011878714587167749,0.7384377502972054
7964,0.0014009068213067743,0.009945062954713094,0.9886540302239802
7965,0.940384300013552,0.02674708341233619,0.03286861657411163
7966,0.3840010665313333,0.011715373194050577,0.604283560274616
7967,0.9105262566177791,0.012713428234850168,0.0767603151473708
7968,0.9487300828723467,0.0015576336615365156,0.04971228346611696
7969,0.45953431376171894,0.03689844015184829,0.5035672460864328
7970,0.23826576151432813,0.0035409894275956976,0.7581932490580762
7971,0.9676867753218951,0.0014301786373307314,0.030883046040774062
7972,0.1375469414727273,0.6272631496513031,0.23518990887596958
7973,0.9704126516200582,0.006942425876067187,0.022644922503874662
7974,0.09940855657349996,0.40556606313491156,0.49502538029158843
7975,0.8396197604326956,0.01480417309110667,0.14557606647619767
7976,0.011317237471619774,0.008117514323664326,0.9805652482047159
7977,0.9584353509606116,0.006445600632610883,0.03511904840677736
7978,0.015174785785440872,0.033802227705235895,0.9510229865093233
7979,0.5210819030007878,0.012213342929448335,0.46670475406976386
7980,0.9759849583423041,0.0027393100639922325,0.021275731593703575
7981,0.8398206485959804,0.053015271190726264,0.10716408021329342
7982,0.13360084547679862,0.04129115376319209,0.8251080007600092
7983,0.8503698392877583,0.10715297347605392,0.042477187236187715
7984,0.2550377306425364,0.5124186219408745,0.23254364741658917
7985,0.7217284091209197,0.012145229717652624,0.2661263611614277
7986,0.1177672041151789,0.6817973913308196,0.20043540455400138
7987,0.7082255906659966,0.07476636451041366,0.21700804482358962
7988,0.44413889632728404,0.05174700785191889,0.504114095820797
7989,0.9365967344408782,0.01142302417695592,0.051980241382165775
7990,0.5353761823627172,0.017997226613411865,0.446626591023871
7991,0.028603151294625897,0.026953164715840815,0.9444436839895334
7992,0.9753299712576649,0.010003006447636846,0.014667022294698342
7993,0.3519536038937332,0.04084173737322711,0.6072046587330397
7994,0.9344138813503619,0.009933619691333056,0.05565249895830502
7995,0.9512958684705677,0.018704263436847078,0.02999986809258528
7996,0.017830715070413033,0.023364324933620537,0.9588049599959664
7997,0.879479747466515,0.0169744755924179,0.10354577694106706
7998,4.746990136207056e-06,0.1337802827820667,0.8662149702277971
7999,1.1992444878299314e-05,0.003215986240095013,0.9967720213150267
8000,0.8035157009155479,0.011678531205323492,0.1848057678791286
8001,0.8112958820584227,0.013658355272148471,0.17504576266942887
8002,0.6792606635390077,0.08983785377704998,0.23090148268394228
8003,0.8284477885096275,0.11085261887180634,0.06069959261856613
8004,0.5880898474785384,0.008745066013208163,0.4031650865082534
8005,0.8193233127489711,0.009364294947436307,0.17131239230359266
8006,0.9252393972158738,0.04257265537716321,0.03218794740696306
8007,0.8916215112370472,0.004631473809039547,0.10374701495391328
8008,0.9822832466667719,0.00988469963758339,0.007832053695644652
8009,0.8510744973975326,0.007126048321972799,0.14179945428049445
8010,0.9054435950817449,0.014348123782694516,0.08020828113556068
8011,0.5803011577659584,0.02807774793566936,0.3916210942983723
8012,0.8870168493658779,0.007330722885916334,0.10565242774820588
8013,0.2975865256718641,0.02014496831617957,0.6822685060119563
8014,0.9062820343674358,0.05000633538333935,0.04371163024922485
8015,0.9774482138325066,0.00400409596900791,0.01854769019848539
8016,0.9605027356449505,0.009562857314745073,0.029934407040304627
8017,0.6792027361837036,0.0024673947234024845,0.31832986909289396
8018,0.6547310912302955,0.026663818395791353,0.3186050903739131
8019,0.9329429229914373,0.022825586505186197,0.04423149050337659
8020,0.7233815558974143,0.013518200378699639,0.2631002437238862
8021,0.001777654880032917,0.0017146638386558491,0.9965076812813113
8022,0.18805986772415717,0.032828913878317455,0.7791112183975254
8023,0.6540367287592209,0.12380752190600006,0.22215574933477916
8024,0.9259635582011577,0.0023112816369956018,0.07172516016184671
8025,0.3545088904350965,0.06939789082329396,0.5760932187416095
8026,0.9494079763856216,0.011273613004121668,0.039318410610256836
8027,0.9650806915194211,0.009131955720915876,0.02578735275966298
8028,0.3912830553689853,0.019795793994796446,0.5889211506362183
8029,0.3369525299260212,0.07133693806606685,0.5917105320079119
8030,0.9180358113748597,0.004143852122852246,0.077820336502288
8031,0.6657931079157419,0.1103244503463182,0.22388244173793995
8032,0.8365765131398728,0.00718490846274881,0.15623857839737845
8033,0.17853863372312626,0.1830859525880537,0.6383754136888201
8034,0.5715494811668194,0.006454451998813271,0.42199606683436747
8035,0.9267680524429464,0.003427030924361043,0.06980491663269257
8036,0.9456806314277141,0.03924152476142685,0.015077843810859061
8037,0.1138333592524222,0.2501122507463886,0.6360543900011892
8038,0.7417640509059311,0.010423517358640454,0.2478124317354284
8039,0.17411309641976022,0.010567882547267,0.8153190210329727
8040,0.032378578716607966,0.0018180291333324257,0.9658033921500597
8041,0.027613916268333663,0.08695685441791443,0.8854292293137519
8042,0.023748240945223514,0.10434735853143749,0.8719044005233391
8043,0.9339181807233454,0.010333053585175292,0.05574876569147921
8044,5.9378448533534946e-05,0.0033899816281123445,0.9965506399233541
8045,0.5504760033512338,0.04055137829057066,0.40897261835819554
8046,0.8382973653345839,0.0020074739376245714,0.15969516072779164
8047,0.7208687696121991,0.029870871106752857,0.24926035928104803
8048,0.9315120708650562,0.009162885180093854,0.05932504395484999
8049,0.8428181101356558,0.1072315804829463,0.04995030938139792
8050,0.3273312443244893,0.004047437455339312,0.6686213182201715
8051,0.535692686113052,0.06036190134595258,0.4039454125409954
8052,0.9676722647009105,0.023278874506672157,0.009048860792417185
8053,0.009409704538191056,0.037390823943169046,0.9531994715186399
8054,0.8424807214379881,0.011902290871262464,0.1456169876907494
8055,0.48065609498758244,0.03086317691652754,0.4884807280958901
8056,0.9341539098519587,0.008786467217912743,0.05705962293012868
8057,0.9145385737578765,0.0038534608765011017,0.08160796536562234
8058,0.858175400075096,0.007586750016746264,0.13423784990815776
8059,0.9210770655885965,0.01866443926797424,0.06025849514342928
8060,0.07193208937626355,0.5859477375652173,0.3421201730585191
8061,0.2623609205833177,0.27845699431207094,0.45918208510461134
8062,0.04449587262343153,0.02127012521721419,0.9342340021593541
8063,0.9691919191229943,0.014220075949185198,0.016588004927820442
8064,0.007439617255806261,0.02857420747178252,0.9639861752724113
8065,0.9382875210916015,0.009667336097802732,0.052045142810595815
8066,0.9834836996216016,0.009282887866214382,0.007233412512184104
8067,0.07876746411754157,0.014226543509031159,0.9070059923734273
8068,0.8138075471609301,0.0545746872187588,0.1316177656203112
8069,0.8982535112594084,0.008287459479484633,0.09345902926110697
8070,0.9635894313288569,0.0036011042597540624,0.032809464411388906
8071,0.9773050723409228,0.007299373626084563,0.015395554032992639
8072,0.9291123258929248,0.017936300826258703,0.05295137328081625
8073,0.9614981875885004,0.009051855600243424,0.029449956811256058
8074,0.6613412235374431,0.00871382257549295,0.3299449538870639
8075,0.8041165782378007,0.030498901452562947,0.16538452030963632
8076,0.9150399262449674,0.012558814739010033,0.07240125901602242
8077,0.29970076283448377,0.05033231242005468,0.6499669247454615
8078,0.19679489059243255,0.08800589046586957,0.7151992189416978
8079,0.9811641194328854,0.005477207104906408,0.01335867346220822
8080,0.8006010515579629,0.056909835177415935,0.14248911326462105
8081,0.9537840753155808,0.006724519418282361,0.03949140526613686
8082,0.8686687785166961,0.009059157998778048,0.12227206348452584
8083,0.3454109438969518,0.17472713996664682,0.4798619161364013
8084,0.19657313842215018,0.02428925509468731,0.7791376064831625
8085,0.9254665133427441,0.030345983796540785,0.04418750286071521
8086,6.93281819341941e-07,0.0163837710610138,0.9836155356571669
8087,0.8556301182587926,0.01922937562732002,0.1251405061138874
8088,0.33049371606480366,0.038877218028682596,0.6306290659065137
8089,0.9259269368123437,0.004045240874353687,0.07002782231330268
8090,0.006502435529997281,0.040795359277771163,0.9527022051922315
8091,0.9621954119606488,0.006962669988369063,0.030841918050982013
8092,0.0012578290344768682,0.0024167810587055467,0.9963253899068176
8093,0.9050516086341847,0.0470045509346303,0.047943840431185
8094,0.3246470551100128,0.2665230085338651,0.4088299363561221
8095,0.7805252699067252,0.09999288506147533,0.11948184503179934
8096,0.732528230767766,0.0403341976707563,0.2271375715614777
8097,0.1664397343057603,0.010418872229659646,0.82314139346458
8098,0.8541039648511296,0.0260520354710626,0.11984399967780773
8099,0.8012749849153172,0.01620199143355819,0.18252302365112455
8100,2.4337312971287143e-06,0.010858384475510931,0.989139181793192
8101,0.6197435318027423,0.04454246552677966,0.33571400267047813
8102,0.6619315379181026,0.012654251920345598,0.3254142101615519
8103,0.7114644491044855,0.04305927318024946,0.24547627771526506
8104,0.7043549813090129,0.05926166696224189,0.23638335172874522
8105,9.230921576362198e-07,0.004378222598572754,0.9956208543092696
8106,0.9478855029394488,0.0059354426610357496,0.046179054399515376
8107,0.09375659945898662,0.02854658740207386,0.8776968131389397
8108,0.911272635384449,0.01508214153759983,0.07364522307795124
8109,0.7792838755779403,0.002721933838852597,0.21799419058320715
8110,0.9375578092084222,0.02983880355507361,0.03260338723650413
8111,0.1743704703644707,0.6807351789189654,0.1448943507165639
8112,0.7253571320041764,0.014634886828651992,0.2600079811671716
8113,0.026487696856559093,0.04735367590155937,0.9261586272418815
8114,0.01825139023075188,0.44109623661974867,0.5406523731494994
8115,0.9640070674070813,0.01675448212229447,0.019238450470624224
8116,0.7539308774148752,0.05843287437688549,0.1876362482082392
8117,0.02822795237988298,0.020041807809634413,0.9517302398104825
8118,0.02625428000911486,0.11522526924473447,0.8585204507461507
8119,0.760425124875008,0.008800517642801148,0.23077435748219086
8120,0.9496599299539484,0.025048110843487306,0.025291959202564385
8121,0.02819121432741457,0.13362450605542045,0.8381842796171649
8122,0.9796028666905107,0.0035923514962110737,0.016804781813278404
8123,0.9814191098939345,0.006026772658304318,0.012554117447761165
8124,0.6078078073515064,0.16913153764709699,0.22306065500139655
8125,0.9049016239463591,0.021047156066773286,0.07405121998686756
8126,0.8157853562004299,0.008893524611267446,0.17532111918830257
8127,0.030685391599523913,0.0371562225669655,0.9321583858335106
8128,0.6776474164521518,0.03567137598126431,0.2866812075665839
8129,0.9310929353596309,0.05722099167847882,0.011686072961890226
8130,0.08652182368345618,0.05771331678520215,0.8557648595313416
8131,0.02817848091746241,0.010425876766980029,0.9613956423155576
8132,0.601112918102231,0.011033952129974385,0.3878531297677947
8133,0.858529639729022,0.0893690875455129,0.05210127272546513
8134,0.894145536916388,0.05255519031198532,0.05329927277162676
8135,0.010064115299350907,0.0487499874089839,0.9411858972916652
8136,4.864053272923086e-06,0.0001210257037834239,0.9998741102429437
8137,0.7678036833333016,0.004635859668249519,0.2275604569984488
8138,0.0956316497046316,0.016300934772888954,0.8880674155224795
8139,0.13150146877294294,0.06760061573122908,0.8008979154958279
8140,0.7835454935816102,0.022953046697819786,0.19350145972057003
8141,0.9811930838610237,0.004809975608272081,0.013996940530704364
8142,0.9501045774936724,0.032732390527790374,0.0171630319785372
8143,0.9632839480493826,0.01996783218541339,0.01674821976520414
8144,0.23290216586815546,0.14243019590743808,0.6246676382244065
8145,0.8395341644732711,0.04859588190850818,0.11186995361822062
8146,0.9793882947064673,0.0037578844541122447,0.016853820839420542
8147,0.18569654594366947,0.022227059756710767,0.7920763942996197
8148,0.9485975105808538,0.01178669412407724,0.03961579529506897
8149,0.9588788967266877,0.01115340183752994,0.029967701435782524
8150,0.903058775398471,0.020807562045399373,0.0761336625561296
8151,0.2623942944104957,0.02347265617164358,0.7141330494178607
8152,0.9641453781105626,0.007369409163578676,0.02848521272585859
8153,0.9070168126035052,0.01104568977036767,0.08193749762612712
8154,0.9695994437734082,0.02068953286863701,0.009711023357954762
8155,0.045455515735799444,0.1957161791468991,0.7588283051173015
8156,0.9811191262570502,0.00929308691970033,0.009587786823249537
8157,0.857737051939436,0.023926072646333632,0.1183368754142304
8158,0.9291025119095515,0.03736671698342319,0.03353077110702548
8159,0.40808585534040254,0.01055172615074824,0.5813624185088492
8160,0.39314447468114144,0.03780342826315624,0.5690520970557023
8161,0.8518263874310558,0.03292527575423714,0.11524833681470698
8162,0.12799327692103968,0.05551267095626358,0.8164940521226967
8163,0.36539409385119564,0.01769128134901919,0.6169146247997851
8164,0.880723014006858,0.02952495070742674,0.08975203528571511
8165,0.006608053674270228,0.04259226517641287,0.9507996811493168
8166,0.46610259707336915,0.00917573498107773,0.5247216679455531
8167,0.028739743509985267,0.01646245641114039,0.9547978000788744
8168,0.695597412875099,0.0099571922719795,0.29444539485292137
8169,0.8737816740120642,0.008677868779740876,0.1175404572081949
8170,0.6839382033923691,0.10765407674046443,0.20840771986716639
8171,0.06119210214239854,0.0018660187166863317,0.9369418791409152
8172,0.3740372323373208,0.07009109823517216,0.5558716694275071
8173,0.8736403137167329,0.011125152574688955,0.11523453370857831
8174,0.974519434593406,0.0015394855638888338,0.02394107984270522
8175,0.8884082847425339,0.014734482234500879,0.09685723302296537
8176,0.8253335218880384,0.029920566645108643,0.14474591146685303
8177,0.11453594171357806,0.12149630766379645,0.7639677506226256
8178,0.5673815063140678,0.047555310579936984,0.3850631831059951
8179,0.5878749604600911,0.008461244666584806,0.4036637948733241
8180,0.5520395780939196,0.4142447008351583,0.03371572107092226
8181,0.09434794052844547,0.007128682810644171,0.8985233766609103
8182,0.9621305965585046,0.008914784138410193,0.02895461930308498
8183,0.0035305470923025347,0.06805925678526105,0.9284101961224364
8184,0.9094897649136392,0.029195439998439782,0.06131479508792096
8185,0.9821891025273434,0.013721106890111877,0.004089790582544652
8186,0.9236609578476745,0.04628991564882954,0.03004912650349605
8187,0.4130679125756351,0.41911305327788273,0.1678190341464822
8188,0.8445267446093566,0.005763245783729606,0.14971000960691386
8189,0.07882455006817245,0.21564491380428785,0.7055305361275398
8190,0.5670574033875486,0.27784626609342467,0.1550963305190267
8191,0.936560192822457,0.004070195555182715,0.05936961162236048
8192,0.8779393562547232,0.008345972529334347,0.11371467121594261
8193,0.9029147024732286,0.002672034111322644,0.09441326341544869
8194,0.9287126308653842,0.039411366585701664,0.03187600254891414
8195,0.8346957705277812,0.01071839133054021,0.15458583814167876
8196,0.7213396444602709,0.01707466402964558,0.26158569151008354
8197,0.8650205254100254,0.0036312514716649357,0.13134822311830963
8198,0.046986208466196416,0.02283292904479189,0.9301808624890117
8199,0.8508349671329013,0.02995256840339391,0.11921246446370476
8200,0.9729185916588939,0.010957580391445187,0.016123827949660725
8201,0.06943155514934723,0.020337771487715556,0.9102306733629372
8202,0.0823610093844281,0.030259598715033836,0.8873793919005379
8203,0.8719657842484502,0.007041457543450388,0.12099275820809938
8204,0.2786807241690435,0.07826442390698876,0.6430548519239678
8205,0.8770831370948016,0.002418086416377761,0.12049877648882061
8206,0.06075594273217304,0.0036945284178502313,0.9355495288499768
8207,0.9503346983243129,0.010484888991053069,0.039180412684634125
8208,0.215648101252692,0.06084496315139136,0.7235069355959167
8209,0.6742334179870091,0.03092661279318067,0.29483996921981026
8210,0.7930016552982285,0.008926261743145173,0.19807208295862624
8211,0.1054120379475377,0.026504417069897555,0.8680835449825649
8212,0.9657655248757704,0.004052655015194548,0.03018182010903524
8213,0.9255521886266659,0.012453528981986458,0.061994282391347515
8214,0.0772076134390842,0.03573604930880027,0.8870563372521155
8215,0.8565889477846848,0.08816083859161364,0.05525021362370165
8216,0.8977123162741467,0.009125565134996459,0.0931621185908568
8217,0.8553741312125717,0.06632929454932986,0.07829657423809841
8218,0.06831092566436046,0.06403906938428341,0.867650004951356
8219,0.853400265756262,0.10259624048152197,0.04400349376221592
8220,0.9559244225194342,0.004947352890604121,0.03912822458996162
8221,0.05017535587450011,0.009330018504451122,0.9404946256210489
8222,0.6592843984714309,0.029397255672176093,0.3113183458563929
8223,0.6584042650169671,0.09877597755533879,0.24281975742769416
8224,0.5376244456401202,0.05371934505176188,0.40865620930811775
8225,1.0734929841509688e-05,0.32524136511786095,0.6747478999522974
8226,1.2489184973344147e-05,0.030860214413797556,0.9691272964012291
8227,0.9553551986953811,0.009324646604610465,0.035320154700008474
8228,0.96314279883955,0.005788188515539693,0.031069012644910316
8229,2.5684278036938206e-05,0.43374180588728284,0.5662325098346802
8230,0.6268950720662725,0.27135125884823424,0.10175366908549319
8231,0.7929008875066782,0.15470269272233075,0.05239641977099096
8232,0.015639042070443056,0.00560787190602583,0.9787530860235311
8233,0.042367121779018684,0.014507753369791248,0.94312512485119
8234,0.9815043374739914,0.00837502292162471,0.010120639604383808
8235,0.6386210144370217,0.13865363331168665,0.22272535225129161
8236,0.1595424418496796,0.004245051555676178,0.8362125065946442
8237,0.815153390199156,0.02099045553772846,0.16385615426311542
8238,0.49182136510680396,0.004142816013136899,0.5040358188800591
8239,0.20958713803251094,0.06008081131281933,0.7303320506546698
8240,0.892242775418623,0.023677143346868317,0.0840800812345087
8241,1.2561248741027808e-07,0.00019745700805678677,0.9998024173794557
8242,0.8169254039919304,0.02110355895222093,0.16197103705584862
8243,0.8334384702333405,0.13185992643202796,0.03470160333463149
8244,0.9775362631173266,0.0005795128011001914,0.02188422408157313
8245,0.912890932430048,0.055530538678395455,0.031578528891556365
8246,0.21762598443663794,0.05223565405744082,0.7301383615059213
8247,0.9877166895944649,0.00952217679347624,0.002761133612058658
8248,0.9659903890777713,0.01088238936335411,0.023127221558874665
8249,0.9170620433143789,0.0186737786104863,0.06426417807513488
8250,0.9594946788692159,0.03385033321799276,0.0066549879127912465
8251,0.7424381819582087,0.01795200595689062,0.23960981208490084
8252,0.94285423860839,0.018153075262202882,0.03899268612940706
8253,0.9099202372314816,0.0193992458643304,0.07068051690418814
8254,0.7933025450149228,0.014452386977399838,0.19224506800767738
8255,0.7981200315443489,0.061172123639435375,0.14070784481621584
8256,0.9372248920466308,0.026872974480365838,0.03590213347300326
8257,0.8742236854527262,0.08842943916736964,0.03734687537990424
8258,1.5163359128847323e-06,0.004400257292927376,0.9955982263711598
8259,0.14568122417533758,0.07355766619223911,0.7807611096324232
8260,0.9676034137021569,0.006497727836086156,0.025898858461757136
8261,0.9578526502852254,0.01160597012570776,0.03054137958906677
8262,0.506200472951074,0.020924262277288042,0.47287526477163794
8263,0.9057564383108163,0.06714741655686535,0.027096145132318394
8264,0.9053958203004171,0.002253992574560335,0.09235018712502273
8265,0.7506583096358418,0.06146753707130266,0.18787415329285553
8266,9.205555192509565e-05,0.004273027682525173,0.9956349167655498
8267,0.9466763725882785,0.01693504875460416,0.036388578657117275
8268,0.906606953956327,0.009282653251866679,0.0841103927918064
8269,0.7794621091765492,0.06700480288150826,0.1535330879419425
8270,0.506395907160248,0.03642853001498659,0.4571755628247655
8271,0.9139029499964519,0.033097455118441726,0.052999594885106194
8272,0.96497512008689,0.0027617966975407556,0.03226308321556915
8273,0.7507040235317665,0.025144615636372894,0.22415136083186069
8274,0.7847605209313202,0.03196787422345191,0.18327160484522806
8275,0.2835224925371007,0.17664794995731511,0.5398295575055841
8276,0.3653010029863906,0.004976359706412346,0.629722637307197
8277,0.8909612963346378,0.016167751003621493,0.09287095266174064
8278,0.9398950044150226,0.011912452040090523,0.04819254354488687
8279,0.8912290364613498,0.005825264579723465,0.10294569895892693
8280,0.0037220802018209354,0.02006129472692171,0.9762166250712574
8281,0.8537998319479424,0.02446685191230321,0.12173331613975437
8282,0.9124706345231698,0.07207285278467052,0.015456512692159712
8283,0.8889630085905076,0.004501745853885819,0.10653524555560659
8284,0.8523357343322392,0.020878514649710005,0.12678575101805092
8285,0.021837289512002925,0.020933123508760563,0.9572295869792365
8286,0.9829145122497932,0.006841329606288183,0.010244158143918682
8287,0.8967018261062321,0.0033797128381740944,0.09991846105559381
8288,0.9756241768963844,0.005427013204290862,0.01894880989932491
8289,0.3921909167460358,0.03061079583879584,0.5771982874151683
8290,0.009184960428574534,0.0007295779389136726,0.9900854616325117
8291,0.19923438869973426,0.008310425141387712,0.792455186158878
8292,0.7705302430886791,0.03073175682079488,0.198738000090526
8293,0.9528357343194326,0.004755127683190583,0.04240913799737678
8294,0.9433912380102574,0.009126763401642661,0.04748199858810008
8295,0.9648345044901723,0.020809504955338294,0.014355990554489497
8296,0.00011288920156293087,0.008556676571331231,0.9913304342271059
8297,0.9258310736796741,0.024127955136420458,0.05004097118390541
8298,0.9585512728990608,0.03388702662040988,0.007561700480529186
8299,0.8800752886028467,0.024105098722805085,0.09581961267434834
8300,0.8303441974055281,0.019633103316547506,0.15002269927792447
8301,0.6107539980364647,0.009808546831881728,0.3794374551316536
8302,0.03750795190497709,0.11132060962208581,0.851171438472937
8303,0.9413673286754409,0.004341284710920471,0.054291386613638554
8304,0.08964112424572723,0.04259171683848758,0.8677671589157852
8305,0.955372637167405,0.025876967753342323,0.018750395079252847
8306,0.8516333713401576,0.004502097734503638,0.1438645309253387
8307,1.1647849149732505e-07,0.007688252233800336,0.9923116312877082
8308,0.7650314774817618,0.0020983160243200354,0.23287020649391832
8309,0.1636093423440066,0.032742041834872226,0.8036486158211212
8310,0.9310544642916561,0.01310085026720698,0.05584468544113686
8311,0.9739319503464282,0.0047163661843149995,0.021351683469256758
8312,0.9640282624162304,0.012853247865048522,0.023118489718721057
8313,0.9167007249796588,0.0227726219855557,0.060526653034785494
8314,0.9525051146329233,0.007827996141103457,0.039666889225973376
8315,0.9026052938564506,0.01664366339797242,0.08075104274557703
8316,0.8986297350618158,0.017938362216170914,0.08343190272201334
8317,0.5257052505504555,0.06611714626416564,0.4081776031853789
8318,0.5262923444796722,0.08461124933835397,0.38909640618197366
8319,0.014492610188152328,0.005693138755928209,0.9798142510559195
8320,0.9629271426023824,0.01978379541123103,0.017289061986386498
8321,0.8370315714937413,0.040398547890893845,0.12256988061536485
8322,0.45675927232957636,0.06666076439105315,0.4765799632793705
8323,0.00011224330573935742,0.007455254347422388,0.9924325023468382
8324,0.22580690096777628,0.01020123567374513,0.7639918633584786
8325,0.9760754594728884,0.017751789877474028,0.006172750649637448
8326,0.9465474741843727,0.00928940250882077,0.04416312330680661
8327,0.9068724175678136,0.017964658044624337,0.07516292438756211
8328,6.580455464566301e-08,0.005208002830619748,0.9947919313648257
8329,0.9469040482503852,0.01764856988975063,0.03544738185986424
8330,0.489654420054311,0.04957622602342322,0.4607693539222658
8331,0.9705450414971925,0.008920045309811239,0.02053491319299641
8332,0.5869787189236927,0.13507684424768368,0.2779444368286236
8333,0.8543364185469745,0.003424567031111497,0.14223901442191395
8334,0.8208870782203014,0.003908745990262768,0.17520417578943587
8335,0.8550043427867853,0.014935594222748663,0.13006006299046596
8336,0.2840721950921167,0.006439944731264872,0.7094878601766184
8337,0.8383518527942736,0.007680717781138915,0.1539674294245876
8338,0.9449714355632503,0.014016875251141082,0.04101168918560872
8339,0.39471592121415194,0.21247556596658088,0.39280851281926704
8340,0.8587661600270672,0.02988739526315772,0.11134644470977502
8341,0.9008126899316983,0.03419333749128501,0.06499397257701657
8342,0.9470194436275202,0.02781131301864404,0.025169243353835698
8343,0.8950887396039005,0.010710638155699694,0.09420062224039975
8344,0.023656252633449892,0.05450430356553513,0.9218394438010149
8345,0.945536563867867,0.005606657342448107,0.04885677878968477
8346,0.007107410600549418,0.009299159565522574,0.983593429833928
8347,0.5988947949312612,0.03361802668752293,0.3674871783812159
8348,0.12731129896117105,0.12430896024153687,0.7483797407972921
8349,0.8931906498427314,0.044255999922863644,0.06255335023440484
8350,0.8336510128381365,0.01787858824640626,0.14847039891545724
8351,0.33608833002628147,0.0014210662640754155,0.6624906037096432
8352,0.9071252070479341,0.009852426807216024,0.08302236614484991
8353,0.0912368290197283,0.014146133663429544,0.8946170373168421
8354,0.08894921252769554,0.057845735097398085,0.8532050523749064
8355,0.9787587129993386,0.004804316831370534,0.01643697016929078
8356,0.7157425102057553,0.008877512012954692,0.2753799777812901
8357,0.18434432828155417,0.07171473238230051,0.7439409393361454
8358,0.2496820176327863,0.053577052999840225,0.6967409293673734
8359,0.9558403418404661,0.012161845160718871,0.03199781299881523
8360,0.9726689529887872,0.013673743160099588,0.01365730385111305
8361,0.5833782904304331,0.0062287794094890575,0.4103929301600778
8362,0.9080844999117814,0.038073577455533594,0.05384192263268496
8363,0.6810576526540568,0.04528755264548104,0.27365479470046217
8364,0.9466706915377223,0.0322199252971076,0.021109383165170068
8365,0.7205570324028054,0.002612061797577246,0.2768309057996174
8366,0.8140685098943687,0.004027648374059853,0.18190384173157134
8367,0.8594177530722732,0.0011625848536057203,0.13941966207412096
8368,0.9520759121578181,0.0077967834419313126,0.04012730440025065
8369,0.17997753311491002,0.002730523166945402,0.8172919437181446
8370,0.9389957411070969,0.025679101832250622,0.03532515706065238
8371,0.7599843816244876,0.0074287150124874414,0.23258690336302484
8372,0.013588742596623644,0.007186624275256346,0.9792246331281199
8373,0.003067637286309114,0.0016520666586790722,0.9952802960550118
8374,0.04652375491220166,0.0035526305291390735,0.9499236145586594
8375,0.9863880905774999,0.007790555308625697,0.005821354113874501
8376,0.02227142607787207,0.0225767865891097,0.9551517873330182
8377,0.8261707790803882,0.04740729480642675,0.12642192611318515
8378,0.9448957894562321,0.018267491597942394,0.03683671894582543
8379,0.973760042259741,0.01389234963896316,0.012347608101295933
8380,0.7798081712551773,0.010020770189902665,0.2101710585549202
8381,0.9634184445511439,0.022249581241120264,0.014331974207735867
8382,0.8720053540393862,0.00554540953056609,0.1224492364300477
8383,0.8626829482979368,0.015363230867988206,0.12195382083407495
8384,0.9157154566460073,0.004267116564986619,0.08001742678900613
8385,0.0157883160204542,0.04706028859797069,0.937151395381575
8386,0.4768946775143038,0.07421225240512361,0.44889307008057255
8387,0.9569494587916466,0.004763515818906943,0.03828702538944651
8388,0.7707091481530863,0.03558435116418614,0.19370650068272752
8389,0.09072361653374525,0.21448283081154013,0.6947935526547145
8390,0.0034835866377528556,0.003499396244993479,0.9930170171172535
8391,0.7828128979408839,0.01776599763327495,0.1994211044258411
8392,0.9344352322971607,0.014931801675016744,0.05063296602782234
8393,0.9738815132099927,0.013791289805292711,0.012327196984714602
8394,0.20024082770890622,0.6118463307210921,0.18791284157000174
8395,0.5753517267620233,0.019449584107993013,0.40519868912998375
8396,0.7737373457718851,0.047896047743050126,0.1783666064850648
8397,0.8993769365110126,0.012219614597533518,0.08840344889145395
8398,0.9676229532433421,0.009394211858359156,0.02298283489829879
8399,0.7379145080335336,0.16537803264143464,0.09670745932503175
8400,0.001329694748558853,0.1171652415113546,0.8815050637400865
8401,0.05283484108598574,0.03016319823858977,0.9170019606754245
8402,0.3094103112120355,0.1330188411933942,0.5575708475945703
8403,0.2247795764608432,0.036051147165732864,0.7391692763734239
8404,0.8687369327656599,0.0035512810537079646,0.12771178618063206
8405,0.0001899727227026709,0.009578019179250503,0.9902320080980469
8406,0.8999252266727584,0.006692762826968196,0.09338201050027344
8407,0.9361341989072065,0.04196324693315171,0.021902554159641683
8408,0.6995208018593919,0.0050840113662788166,0.29539518677432935
8409,2.6601587908242983e-07,0.017469367131482942,0.9825303668526381
8410,0.28883506524569263,0.08986169652403482,0.6213032382302726
8411,0.6500198233014504,0.02073498250831747,0.3292451941902321
8412,0.017068297834688467,0.008064416981310166,0.9748672851840013
8413,0.013719523532367781,0.004951218694522709,0.9813292577731095
8414,0.9078153547415124,0.008520432113446273,0.08366421314504122
8415,0.9290776429052213,0.026555162153032084,0.04436719494174656
8416,0.8288579218340448,0.024052764169291835,0.1470893139966634
8417,0.7008206892065241,0.006541187617980638,0.29263812317549537
8418,0.8971245018404082,0.04195139173408841,0.060924106425503485
8419,0.24184356635109533,0.07371137725455087,0.6844450563943538
8420,0.698544162997418,0.007954177427795674,0.29350165957478636
8421,0.020488486293131374,0.013184547867789706,0.9663269658390791
8422,0.9621045069727616,0.008218644828405773,0.029676848198832737
8423,0.760141893869178,0.025971577989576364,0.21388652814124567
8424,0.6132839765069019,0.013729929825869208,0.37298609366722874
8425,0.5744803500212217,0.14503172672047526,0.280487923258303
8426,0.1338679439561177,0.1033340060346962,0.762798050009186
8427,0.18581452623379005,0.42112427564195465,0.39306119812425533
8428,0.9868838039392898,0.0024082680898329877,0.010707927970877159
8429,0.9613052841266473,0.009220009096726383,0.029474706776626287
8430,0.937346457456442,0.044813282434901104,0.01784026010865701
8431,0.0005354503070579713,0.2229267139383129,0.7765378357546292
8432,0.8249620556329393,0.045289791459417,0.1297481529076436
8433,0.7962835192661236,0.1662466388346761,0.03746984189920034
8434,0.01382154350764278,0.018584477466972543,0.9675939790253846
8435,0.8123975474376524,0.00174775507881134,0.18585469748353625
8436,0.8458699949689832,0.027600485519719203,0.1265295195112976
8437,0.15544803540832589,0.011950044367130645,0.8326019202245435
8438,0.9423122953300224,0.025430059879361415,0.032257644790616276
8439,0.4944462179942681,0.010399072539782101,0.49515470946594975
8440,0.8284046175065737,0.10975875921546523,0.06183662327796128
8441,0.4086717615973828,0.0023383010615132607,0.588989937341104
8442,0.9239873536073069,0.013829580009353939,0.062183066383339244
8443,0.9412454747233409,0.004472134875167109,0.054282390401492
8444,0.8880638944174438,0.026241858285341493,0.08569424729721455
8445,0.9438588358100245,0.037324199400446435,0.018816964789529024
8446,0.8825356062588589,0.025716386121276587,0.09174800761986446
8447,0.0015903754704974283,0.109055791736563,0.8893538327929396
8448,0.9038942176698586,0.004625178140448432,0.09148060418969299
8449,0.6585906760991708,0.12333641485097506,0.21807290904985405
8450,0.7799304861532682,0.027153928467588136,0.1929155853791437
8451,0.9432999850208892,0.0237094636428545,0.03299055133625623
8452,0.9614025284682164,0.008682757188855908,0.02991471434292765
8453,0.7143884689855381,0.015557702925180918,0.2700538280892809
8454,0.615366801754222,0.01876854353824351,0.3658646547075345
8455,0.14228191036360674,0.0023092642151252203,0.8554088254212681
8456,0.8091136141439363,0.06720995518715119,0.12367643066891248
8457,0.9441480293378169,0.008437432745947628,0.04741453791623564
8458,0.499912035614556,0.19188248860022233,0.3082054757852216
8459,0.9558981639574372,0.016139862350195485,0.027961973692367217
8460,0.9125406601415751,0.020021066997981955,0.06743827286044284
8461,0.33977404404157036,0.02793355392393357,0.632292402034496
8462,0.9453854537629653,0.046170113872042264,0.008444432364992286
8463,0.08062812193711677,0.0012182648806889442,0.9181536131821942
8464,0.8131606053961248,0.10781085539550701,0.07902853920836819
8465,0.25207787730833936,0.004101420973915212,0.7438207017177455
8466,0.7208598578153291,0.04961756995432675,0.22952257223034409
8467,0.8963275142281534,0.0037416197260766665,0.09993086604577006
8468,0.0922229942592933,0.018237540169008384,0.8895394655716984
8469,0.4012858636009554,0.04777593259802025,0.5509382038010244
8470,0.8084484495319512,0.03551826897854913,0.15603328148949977
8471,0.9612559461572138,0.010636044215417405,0.028108009627368816
8472,0.774613155765915,0.11317171632025078,0.1122151279138341
8473,0.8733602004786126,0.114959710674713,0.01168008884667438
8474,0.7835126616610808,0.033846048763135,0.1826412895757843
8475,0.4196184664570164,0.041147940639979876,0.5392335929030038
8476,0.9615763507000656,0.024203126004126406,0.014220523295808134
8477,0.8262688719839173,0.09947029281609603,0.07426083519998668
8478,0.8720162598612303,0.05103663313138638,0.07694710700738322
8479,0.9131737877451884,0.016243674215017087,0.07058253803979453
8480,0.9425620805009683,0.01433020391406037,0.043107715584971264
8481,0.9648672075108634,0.017139479792410782,0.017993312696725744
8482,0.4478667543614409,0.006344480211710878,0.5457887654268483
8483,0.07510376623002314,0.043536296997760814,0.881359936772216
8484,0.7898809566317748,0.027386291679192456,0.18273275168903272
8485,0.9594777883182757,0.012692555729604765,0.02782965595211953
8486,0.09721444044457088,0.08256788757842344,0.8202176719770056
8487,0.8993518383849728,0.01951741364624524,0.0811307479687819
8488,0.950798409496874,0.010385277106665822,0.03881631339646006
8489,0.8652824405660186,0.07283791896667305,0.06187964046730836
8490,0.041425841944257205,0.007874130150134327,0.9507000279056086
8491,0.1773946200660879,0.05335162569455063,0.7692537542393615
8492,0.8647583486915119,0.02143094666922171,0.11381070463926647
8493,0.9261358334203008,0.00781566815674462,0.0660484984229546
8494,0.8669699182994418,0.038028806365628026,0.09500127533493019
8495,0.6612249011649396,0.2686968651750191,0.0700782336600412
8496,0.9304348225555431,0.04754162026280528,0.022023557181651648
8497,0.9249753126216177,0.008772520526020918,0.06625216685236142
8498,0.20673043987096215,0.24592957273446123,0.5473399873945766
8499,0.9695023278421823,0.00573479850891759,0.024762873648900122
8500,0.8745680393314774,0.04133411018404321,0.08409785048447942
8501,0.9428645718072225,0.04222337629992286,0.0149120518928545
8502,6.816144322836465e-06,0.0004754763834907268,0.9995177074721865
8503,0.8594281563006071,0.033638236567347,0.10693360713204603
8504,0.25415081806055184,0.02199709836744669,0.7238520835720014
8505,0.9790698437499079,0.0024096963906445504,0.018520459859447367
8506,0.9604673734172263,0.005732921080555967,0.03379970550221761
8507,0.7762011065906065,0.010545339473175722,0.21325355393621775
8508,0.8433994040465689,0.02557134093986185,0.13102925501356935
8509,0.9061827109948503,0.012921328040426179,0.08089596096472373
8510,0.8482781678602521,0.08045594914406684,0.071265882995681
8511,0.39235389304495566,0.10877962472197021,0.49886648223307406
8512,0.012136692840079252,0.006760997898502371,0.9811023092614184
8513,0.3006391051905197,0.1554526052796052,0.5439082895298751
